{
 "cells": [
  {
   "cell_type": "code",
   "execution_count": 217,
   "id": "83a9957d-6af1-4913-96c3-0959cf7396a2",
   "metadata": {},
   "outputs": [
    {
     "name": "stdout",
     "output_type": "stream",
     "text": [
      "Defaulting to user installation because normal site-packages is not writeable\n",
      "Collecting numpy==1.24.3\n",
      "  Using cached numpy-1.24.3.tar.gz (10.9 MB)\n",
      "  Installing build dependencies: started\n",
      "  Installing build dependencies: finished with status 'done'\n",
      "  Getting requirements to build wheel: started\n",
      "  Getting requirements to build wheel: finished with status 'done'\n"
     ]
    },
    {
     "name": "stderr",
     "output_type": "stream",
     "text": [
      "ERROR: Exception:\n",
      "Traceback (most recent call last):\n",
      "  File \"C:\\Users\\lokna\\AppData\\Roaming\\Python\\Python312\\site-packages\\pip\\_internal\\cli\\base_command.py\", line 180, in exc_logging_wrapper\n",
      "    status = run_func(*args)\n",
      "             ^^^^^^^^^^^^^^^\n",
      "  File \"C:\\Users\\lokna\\AppData\\Roaming\\Python\\Python312\\site-packages\\pip\\_internal\\cli\\req_command.py\", line 245, in wrapper\n",
      "    return func(self, options, args)\n",
      "           ^^^^^^^^^^^^^^^^^^^^^^^^^\n",
      "  File \"C:\\Users\\lokna\\AppData\\Roaming\\Python\\Python312\\site-packages\\pip\\_internal\\commands\\install.py\", line 377, in run\n",
      "    requirement_set = resolver.resolve(\n",
      "                      ^^^^^^^^^^^^^^^^^\n",
      "  File \"C:\\Users\\lokna\\AppData\\Roaming\\Python\\Python312\\site-packages\\pip\\_internal\\resolution\\resolvelib\\resolver.py\", line 95, in resolve\n",
      "    result = self._result = resolver.resolve(\n",
      "                            ^^^^^^^^^^^^^^^^^\n",
      "  File \"C:\\Users\\lokna\\AppData\\Roaming\\Python\\Python312\\site-packages\\pip\\_vendor\\resolvelib\\resolvers.py\", line 546, in resolve\n",
      "    state = resolution.resolve(requirements, max_rounds=max_rounds)\n",
      "            ^^^^^^^^^^^^^^^^^^^^^^^^^^^^^^^^^^^^^^^^^^^^^^^^^^^^^^^\n",
      "  File \"C:\\Users\\lokna\\AppData\\Roaming\\Python\\Python312\\site-packages\\pip\\_vendor\\resolvelib\\resolvers.py\", line 397, in resolve\n",
      "    self._add_to_criteria(self.state.criteria, r, parent=None)\n",
      "  File \"C:\\Users\\lokna\\AppData\\Roaming\\Python\\Python312\\site-packages\\pip\\_vendor\\resolvelib\\resolvers.py\", line 173, in _add_to_criteria\n",
      "    if not criterion.candidates:\n",
      "           ^^^^^^^^^^^^^^^^^^^^\n",
      "  File \"C:\\Users\\lokna\\AppData\\Roaming\\Python\\Python312\\site-packages\\pip\\_vendor\\resolvelib\\structs.py\", line 156, in __bool__\n",
      "    return bool(self._sequence)\n",
      "           ^^^^^^^^^^^^^^^^^^^^\n",
      "  File \"C:\\Users\\lokna\\AppData\\Roaming\\Python\\Python312\\site-packages\\pip\\_internal\\resolution\\resolvelib\\found_candidates.py\", line 155, in __bool__\n",
      "    return any(self)\n",
      "           ^^^^^^^^^\n",
      "  File \"C:\\Users\\lokna\\AppData\\Roaming\\Python\\Python312\\site-packages\\pip\\_internal\\resolution\\resolvelib\\found_candidates.py\", line 143, in <genexpr>\n",
      "    return (c for c in iterator if id(c) not in self._incompatible_ids)\n",
      "           ^^^^^^^^^^^^^^^^^^^^^^^^^^^^^^^^^^^^^^^^^^^^^^^^^^^^^^^^^^^^\n",
      "  File \"C:\\Users\\lokna\\AppData\\Roaming\\Python\\Python312\\site-packages\\pip\\_internal\\resolution\\resolvelib\\found_candidates.py\", line 47, in _iter_built\n",
      "    candidate = func()\n",
      "                ^^^^^^\n",
      "  File \"C:\\Users\\lokna\\AppData\\Roaming\\Python\\Python312\\site-packages\\pip\\_internal\\resolution\\resolvelib\\factory.py\", line 182, in _make_candidate_from_link\n",
      "    base: Optional[BaseCandidate] = self._make_base_candidate_from_link(\n",
      "                                    ^^^^^^^^^^^^^^^^^^^^^^^^^^^^^^^^^^^^\n",
      "  File \"C:\\Users\\lokna\\AppData\\Roaming\\Python\\Python312\\site-packages\\pip\\_internal\\resolution\\resolvelib\\factory.py\", line 228, in _make_base_candidate_from_link\n",
      "    self._link_candidate_cache[link] = LinkCandidate(\n",
      "                                       ^^^^^^^^^^^^^^\n",
      "  File \"C:\\Users\\lokna\\AppData\\Roaming\\Python\\Python312\\site-packages\\pip\\_internal\\resolution\\resolvelib\\candidates.py\", line 290, in __init__\n",
      "    super().__init__(\n",
      "  File \"C:\\Users\\lokna\\AppData\\Roaming\\Python\\Python312\\site-packages\\pip\\_internal\\resolution\\resolvelib\\candidates.py\", line 156, in __init__\n",
      "    self.dist = self._prepare()\n",
      "                ^^^^^^^^^^^^^^^\n",
      "  File \"C:\\Users\\lokna\\AppData\\Roaming\\Python\\Python312\\site-packages\\pip\\_internal\\resolution\\resolvelib\\candidates.py\", line 222, in _prepare\n",
      "    dist = self._prepare_distribution()\n",
      "           ^^^^^^^^^^^^^^^^^^^^^^^^^^^^\n",
      "  File \"C:\\Users\\lokna\\AppData\\Roaming\\Python\\Python312\\site-packages\\pip\\_internal\\resolution\\resolvelib\\candidates.py\", line 301, in _prepare_distribution\n",
      "    return preparer.prepare_linked_requirement(self._ireq, parallel_builds=True)\n",
      "           ^^^^^^^^^^^^^^^^^^^^^^^^^^^^^^^^^^^^^^^^^^^^^^^^^^^^^^^^^^^^^^^^^^^^^\n",
      "  File \"C:\\Users\\lokna\\AppData\\Roaming\\Python\\Python312\\site-packages\\pip\\_internal\\operations\\prepare.py\", line 525, in prepare_linked_requirement\n",
      "    return self._prepare_linked_requirement(req, parallel_builds)\n",
      "           ^^^^^^^^^^^^^^^^^^^^^^^^^^^^^^^^^^^^^^^^^^^^^^^^^^^^^^\n",
      "  File \"C:\\Users\\lokna\\AppData\\Roaming\\Python\\Python312\\site-packages\\pip\\_internal\\operations\\prepare.py\", line 640, in _prepare_linked_requirement\n",
      "    dist = _get_prepared_distribution(\n",
      "           ^^^^^^^^^^^^^^^^^^^^^^^^^^^\n",
      "  File \"C:\\Users\\lokna\\AppData\\Roaming\\Python\\Python312\\site-packages\\pip\\_internal\\operations\\prepare.py\", line 71, in _get_prepared_distribution\n",
      "    abstract_dist.prepare_distribution_metadata(\n",
      "  File \"C:\\Users\\lokna\\AppData\\Roaming\\Python\\Python312\\site-packages\\pip\\_internal\\distributions\\sdist.py\", line 54, in prepare_distribution_metadata\n",
      "    self._install_build_reqs(finder)\n",
      "  File \"C:\\Users\\lokna\\AppData\\Roaming\\Python\\Python312\\site-packages\\pip\\_internal\\distributions\\sdist.py\", line 124, in _install_build_reqs\n",
      "    build_reqs = self._get_build_requires_wheel()\n",
      "                 ^^^^^^^^^^^^^^^^^^^^^^^^^^^^^^^^\n",
      "  File \"C:\\Users\\lokna\\AppData\\Roaming\\Python\\Python312\\site-packages\\pip\\_internal\\distributions\\sdist.py\", line 101, in _get_build_requires_wheel\n",
      "    return backend.get_requires_for_build_wheel()\n",
      "           ^^^^^^^^^^^^^^^^^^^^^^^^^^^^^^^^^^^^^^\n",
      "  File \"C:\\Users\\lokna\\AppData\\Roaming\\Python\\Python312\\site-packages\\pip\\_internal\\utils\\misc.py\", line 745, in get_requires_for_build_wheel\n",
      "    return super().get_requires_for_build_wheel(config_settings=cs)\n",
      "           ^^^^^^^^^^^^^^^^^^^^^^^^^^^^^^^^^^^^^^^^^^^^^^^^^^^^^^^^\n",
      "  File \"C:\\Users\\lokna\\AppData\\Roaming\\Python\\Python312\\site-packages\\pip\\_vendor\\pyproject_hooks\\_impl.py\", line 166, in get_requires_for_build_wheel\n",
      "    return self._call_hook('get_requires_for_build_wheel', {\n",
      "           ^^^^^^^^^^^^^^^^^^^^^^^^^^^^^^^^^^^^^^^^^^^^^^^^^\n",
      "  File \"C:\\Users\\lokna\\AppData\\Roaming\\Python\\Python312\\site-packages\\pip\\_vendor\\pyproject_hooks\\_impl.py\", line 321, in _call_hook\n",
      "    raise BackendUnavailable(data.get('traceback', ''))\n",
      "pip._vendor.pyproject_hooks._impl.BackendUnavailable: Traceback (most recent call last):\n",
      "  File \"C:\\Users\\lokna\\AppData\\Roaming\\Python\\Python312\\site-packages\\pip\\_vendor\\pyproject_hooks\\_in_process\\_in_process.py\", line 77, in _build_backend\n",
      "    obj = import_module(mod_path)\n",
      "          ^^^^^^^^^^^^^^^^^^^^^^^\n",
      "  File \"C:\\Program Files\\Python312\\Lib\\importlib\\__init__.py\", line 90, in import_module\n",
      "    return _bootstrap._gcd_import(name[level:], package, level)\n",
      "           ^^^^^^^^^^^^^^^^^^^^^^^^^^^^^^^^^^^^^^^^^^^^^^^^^^^^\n",
      "  File \"<frozen importlib._bootstrap>\", line 1387, in _gcd_import\n",
      "  File \"<frozen importlib._bootstrap>\", line 1360, in _find_and_load\n",
      "  File \"<frozen importlib._bootstrap>\", line 1310, in _find_and_load_unlocked\n",
      "  File \"<frozen importlib._bootstrap>\", line 488, in _call_with_frames_removed\n",
      "  File \"<frozen importlib._bootstrap>\", line 1387, in _gcd_import\n",
      "  File \"<frozen importlib._bootstrap>\", line 1360, in _find_and_load\n",
      "  File \"<frozen importlib._bootstrap>\", line 1331, in _find_and_load_unlocked\n",
      "  File \"<frozen importlib._bootstrap>\", line 935, in _load_unlocked\n",
      "  File \"<frozen importlib._bootstrap_external>\", line 994, in exec_module\n",
      "  File \"<frozen importlib._bootstrap>\", line 488, in _call_with_frames_removed\n",
      "  File \"C:\\Users\\lokna\\AppData\\Local\\Temp\\pip-build-env-205sg9_j\\overlay\\Lib\\site-packages\\setuptools\\__init__.py\", line 10, in <module>\n",
      "    import distutils.core\n",
      "ModuleNotFoundError: No module named 'distutils'\n",
      "\n"
     ]
    },
    {
     "name": "stdout",
     "output_type": "stream",
     "text": [
      "Defaulting to user installation because normal site-packages is not writeable\n",
      "Requirement already satisfied: pandas==2.2.0 in c:\\users\\lokna\\appdata\\roaming\\python\\python312\\site-packages (2.2.0)\n",
      "Requirement already satisfied: numpy<2,>=1.26.0 in c:\\users\\lokna\\appdata\\roaming\\python\\python312\\site-packages (from pandas==2.2.0) (1.26.3)\n",
      "Requirement already satisfied: python-dateutil>=2.8.2 in c:\\users\\lokna\\appdata\\roaming\\python\\python312\\site-packages (from pandas==2.2.0) (2.8.2)\n",
      "Requirement already satisfied: pytz>=2020.1 in c:\\users\\lokna\\appdata\\roaming\\python\\python312\\site-packages (from pandas==2.2.0) (2023.3.post1)\n",
      "Requirement already satisfied: tzdata>=2022.7 in c:\\users\\lokna\\appdata\\roaming\\python\\python312\\site-packages (from pandas==2.2.0) (2023.4)\n",
      "Requirement already satisfied: six>=1.5 in c:\\users\\lokna\\appdata\\roaming\\python\\python312\\site-packages (from python-dateutil>=2.8.2->pandas==2.2.0) (1.16.0)\n",
      "Defaulting to user installation because normal site-packages is not writeable\n",
      "Requirement already satisfied: scikit-learn==1.4.1.post1 in c:\\users\\lokna\\appdata\\roaming\\python\\python312\\site-packages (1.4.1.post1)\n",
      "Requirement already satisfied: numpy<2.0,>=1.19.5 in c:\\users\\lokna\\appdata\\roaming\\python\\python312\\site-packages (from scikit-learn==1.4.1.post1) (1.26.3)\n",
      "Requirement already satisfied: scipy>=1.6.0 in c:\\users\\lokna\\appdata\\roaming\\python\\python312\\site-packages (from scikit-learn==1.4.1.post1) (1.11.4)\n",
      "Requirement already satisfied: joblib>=1.2.0 in c:\\users\\lokna\\appdata\\roaming\\python\\python312\\site-packages (from scikit-learn==1.4.1.post1) (1.3.2)\n",
      "Requirement already satisfied: threadpoolctl>=2.0.0 in c:\\users\\lokna\\appdata\\roaming\\python\\python312\\site-packages (from scikit-learn==1.4.1.post1) (3.2.0)\n"
     ]
    }
   ],
   "source": [
    "!pip install --upgrade numpy==1.24.3\n",
    "!pip install --upgrade pandas==2.2.0\n",
    "!pip install --upgrade scikit-learn==1.4.1.post1"
   ]
  },
  {
   "cell_type": "code",
   "execution_count": 218,
   "id": "bab31ef1-cd6a-4431-80d0-05a24af60d7f",
   "metadata": {},
   "outputs": [
    {
     "name": "stdout",
     "output_type": "stream",
     "text": [
      "<class 'pandas.core.frame.DataFrame'>\n",
      "RangeIndex: 1338 entries, 0 to 1337\n",
      "Data columns (total 18 columns):\n",
      " #   Column               Non-Null Count  Dtype  \n",
      "---  ------               --------------  -----  \n",
      " 0   age                  1338 non-null   float64\n",
      " 1   sex                  1338 non-null   int64  \n",
      " 2   bmi                  1338 non-null   float64\n",
      " 3   children             1338 non-null   float64\n",
      " 4   smoker               1338 non-null   int64  \n",
      " 5   charges              1338 non-null   float64\n",
      " 6   avg_steps_per_day    1338 non-null   float64\n",
      " 7   gym_frequency        1338 non-null   int64  \n",
      " 8   time_spent_in_gym    1338 non-null   int64  \n",
      " 9   region_northeast     1338 non-null   bool   \n",
      " 10  region_northwest     1338 non-null   bool   \n",
      " 11  region_southeast     1338 non-null   bool   \n",
      " 12  region_southwest     1338 non-null   bool   \n",
      " 13  occupation_Artist    1338 non-null   bool   \n",
      " 14  occupation_Doctor    1338 non-null   bool   \n",
      " 15  occupation_Engineer  1338 non-null   bool   \n",
      " 16  occupation_Other     1338 non-null   bool   \n",
      " 17  occupation_Teacher   1338 non-null   bool   \n",
      "dtypes: bool(9), float64(5), int64(4)\n",
      "memory usage: 106.0 KB\n"
     ]
    }
   ],
   "source": [
    "import pandas as pd\n",
    "df = pd.read_csv('C:\\\\Users\\\\lokna\\\\updated_insurance.csv')\n",
    "df.info()"
   ]
  },
  {
   "cell_type": "code",
   "execution_count": 219,
   "id": "4ad9c5ce-af75-4666-ad05-8a77c9c9a811",
   "metadata": {},
   "outputs": [
    {
     "name": "stdout",
     "output_type": "stream",
     "text": [
      "<class 'pandas.core.frame.DataFrame'>\n",
      "RangeIndex: 1338 entries, 0 to 1337\n",
      "Data columns (total 17 columns):\n",
      " #   Column               Non-Null Count  Dtype  \n",
      "---  ------               --------------  -----  \n",
      " 0   age                  1338 non-null   float64\n",
      " 1   sex                  1338 non-null   int64  \n",
      " 2   bmi                  1338 non-null   float64\n",
      " 3   children             1338 non-null   float64\n",
      " 4   smoker               1338 non-null   int64  \n",
      " 5   avg_steps_per_day    1338 non-null   float64\n",
      " 6   gym_frequency        1338 non-null   int64  \n",
      " 7   time_spent_in_gym    1338 non-null   int64  \n",
      " 8   region_northeast     1338 non-null   bool   \n",
      " 9   region_northwest     1338 non-null   bool   \n",
      " 10  region_southeast     1338 non-null   bool   \n",
      " 11  region_southwest     1338 non-null   bool   \n",
      " 12  occupation_Artist    1338 non-null   bool   \n",
      " 13  occupation_Doctor    1338 non-null   bool   \n",
      " 14  occupation_Engineer  1338 non-null   bool   \n",
      " 15  occupation_Other     1338 non-null   bool   \n",
      " 16  occupation_Teacher   1338 non-null   bool   \n",
      "dtypes: bool(9), float64(4), int64(4)\n",
      "memory usage: 95.5 KB\n",
      "None\n",
      "<class 'pandas.core.series.Series'>\n",
      "RangeIndex: 1338 entries, 0 to 1337\n",
      "Series name: charges\n",
      "Non-Null Count  Dtype  \n",
      "--------------  -----  \n",
      "1338 non-null   float64\n",
      "dtypes: float64(1)\n",
      "memory usage: 10.6 KB\n",
      "None\n"
     ]
    }
   ],
   "source": [
    "X= df.drop('charges', axis=1)\n",
    "y= df['charges']\n",
    "print(X.info())\n",
    "print(y.info())"
   ]
  },
  {
   "cell_type": "code",
   "execution_count": 220,
   "id": "fa870af4-6fa8-4de9-93a6-65d2f963acd9",
   "metadata": {},
   "outputs": [
    {
     "name": "stdout",
     "output_type": "stream",
     "text": [
      "(1338, 18)\n",
      "39.16151545363908\n"
     ]
    }
   ],
   "source": [
    "#1st question\n",
    "import pandas as pd\n",
    "import numpy as np\n",
    "from sklearn.model_selection import train_test_split\n",
    " \n",
    "print(df.shape)\n",
    "X_train, X_test, y_train, y_test = train_test_split(\n",
    "  X,y , random_state=0,test_size=0.25)\n",
    "mean_age = X_train['age'].mean()\n",
    "print(mean_age)\n"
   ]
  },
  {
   "cell_type": "code",
   "execution_count": 221,
   "id": "3c4200be-7a55-4613-a961-feaffd87809b",
   "metadata": {},
   "outputs": [
    {
     "name": "stdout",
     "output_type": "stream",
     "text": [
      "           age  sex       bmi  children  smoker  avg_steps_per_day  \\\n",
      "0     0.304348  0.0  0.366694       0.2     1.0           0.827160   \n",
      "1     0.934783  0.0  0.163573       0.0     1.0           0.604938   \n",
      "2     0.021739  1.0  0.232446       0.2     1.0           0.728395   \n",
      "3     0.043478  0.0  0.227603       0.0     0.0           0.740741   \n",
      "4     0.173913  0.0  0.168684       0.0     1.0           0.864198   \n",
      "...        ...  ...       ...       ...     ...                ...   \n",
      "998   0.195652  1.0  0.270917       0.0     1.0           0.592593   \n",
      "999   0.521739  1.0  0.538337       0.4     1.0           0.481481   \n",
      "1000  0.478261  1.0  0.245359       0.0     1.0           0.728395   \n",
      "1001  0.021739  1.0  0.526500       0.0     1.0           0.913580   \n",
      "1002  0.326087  0.0  0.068335       0.2     1.0           0.703704   \n",
      "\n",
      "      gym_frequency  time_spent_in_gym  region_northeast  region_northwest  \\\n",
      "0          0.666667               0.50               0.0               0.0   \n",
      "1          0.666667               0.75               0.0               0.0   \n",
      "2          1.000000               0.75               0.0               0.0   \n",
      "3          0.666667               0.50               0.0               0.0   \n",
      "4          1.000000               0.75               0.0               1.0   \n",
      "...             ...                ...               ...               ...   \n",
      "998        0.666667               0.50               1.0               0.0   \n",
      "999        0.666667               0.75               0.0               0.0   \n",
      "1000       0.666667               0.75               0.0               0.0   \n",
      "1001       0.666667               0.50               0.0               1.0   \n",
      "1002       1.000000               1.00               0.0               0.0   \n",
      "\n",
      "      region_southeast  region_southwest  occupation_Artist  \\\n",
      "0                  1.0               0.0                0.0   \n",
      "1                  1.0               0.0                0.0   \n",
      "2                  0.0               1.0                0.0   \n",
      "3                  1.0               0.0                0.0   \n",
      "4                  0.0               0.0                0.0   \n",
      "...                ...               ...                ...   \n",
      "998                0.0               0.0                0.0   \n",
      "999                1.0               0.0                0.0   \n",
      "1000               1.0               0.0                0.0   \n",
      "1001               0.0               0.0                0.0   \n",
      "1002               0.0               1.0                0.0   \n",
      "\n",
      "      occupation_Doctor  occupation_Engineer  occupation_Other  \\\n",
      "0                   0.0                  0.0               1.0   \n",
      "1                   0.0                  0.0               1.0   \n",
      "2                   1.0                  0.0               0.0   \n",
      "3                   0.0                  1.0               0.0   \n",
      "4                   0.0                  0.0               0.0   \n",
      "...                 ...                  ...               ...   \n",
      "998                 0.0                  0.0               1.0   \n",
      "999                 0.0                  1.0               0.0   \n",
      "1000                0.0                  0.0               0.0   \n",
      "1001                0.0                  0.0               0.0   \n",
      "1002                0.0                  0.0               1.0   \n",
      "\n",
      "      occupation_Teacher  \n",
      "0                    0.0  \n",
      "1                    0.0  \n",
      "2                    0.0  \n",
      "3                    0.0  \n",
      "4                    1.0  \n",
      "...                  ...  \n",
      "998                  0.0  \n",
      "999                  0.0  \n",
      "1000                 1.0  \n",
      "1001                 1.0  \n",
      "1002                 0.0  \n",
      "\n",
      "[1003 rows x 17 columns]\n",
      "0.46398442569759896\n"
     ]
    }
   ],
   "source": [
    "#2nd question\n",
    "from sklearn.preprocessing import MinMaxScaler\n",
    "scaler = MinMaxScaler()\n",
    "scaler.fit(X_train)\n",
    "# transform both the training and testing data\n",
    "X_train_scaled = scaler.transform(X_train)\n",
    "X_test_scaled = scaler.transform(X_test)\n",
    "# convert scaled numpy arrays to dataframes with the same feature names as X\n",
    "X_train_scaled = pd.DataFrame(X_train_scaled, columns=X_train.columns)\n",
    "print(X_train_scaled)\n",
    "X_test_scaled = pd.DataFrame(X_test_scaled, columns=X_test.columns)\n",
    "#perform mean age on X_test dataframe\n",
    "mean_age = X_test_scaled['age'].mean()\n",
    "print(mean_age) \n",
    "\n",
    "\n"
   ]
  },
  {
   "cell_type": "code",
   "execution_count": 222,
   "id": "2c77a3c6-abbe-4039-82a0-c91fb567bc94",
   "metadata": {},
   "outputs": [
    {
     "name": "stdout",
     "output_type": "stream",
     "text": [
      "-0.7\n"
     ]
    }
   ],
   "source": [
    "#3rd question\n",
    "from scipy.stats import pearsonr\n",
    "corr, _ = pearsonr(X_train_scaled['smoker'], y_train)\n",
    "print(round(corr, 2))\n",
    "#The reason we use corr, _ instead of just corr is because pearsonr returns two values, and if we only provide one variable to receive the output, we will get a ValueError since there are two values to unpack. By using corr, _, \n",
    "#we are telling Python to assign the first value returned by pearsonr to corr and the second value to _, which we are not using."
   ]
  },
  {
   "cell_type": "raw",
   "id": "db4ef796-2d17-4be7-9e5c-54211ea5599d",
   "metadata": {},
   "source": [
    "#4th question\n",
    "1.The resulting SLR model may have limited predictive power and may not provide accurate or meaningful predictions.\n",
    "\n",
    "\n",
    "2.The SLR's predictions could be scattered around the observed data points, and it may not effectively capture the variability in the response variable based on changes in the predictor variable.\n",
    "\n",
    "\n",
    "3.The Pearson correlation coefficient indicates a moderate correlation between the predictor variable and the response variable in an SLR context.\n",
    "\n"
   ]
  },
  {
   "cell_type": "code",
   "execution_count": 223,
   "id": "8475d5c0-2b93-4b0d-8737-9f3e421cfba1",
   "metadata": {},
   "outputs": [
    {
     "name": "stdout",
     "output_type": "stream",
     "text": [
      "R2 score: 0.49\n"
     ]
    }
   ],
   "source": [
    "#5th question\n",
    "from sklearn.linear_model import LinearRegression\n",
    "from sklearn.metrics import r2_score\n",
    "model = LinearRegression(fit_intercept = True)\n",
    "model.fit(X_train_scaled[['smoker']], y_train)\n",
    "y_pred = model.predict(X_train_scaled[['smoker']])\n",
    "r2 = r2_score(y_train, y_pred )\n",
    "print('R2 score:', round(r2, 2))"
   ]
  },
  {
   "cell_type": "code",
   "execution_count": 224,
   "id": "5328aac2-4369-4d32-810d-99a8349d44be",
   "metadata": {},
   "outputs": [
    {
     "name": "stdout",
     "output_type": "stream",
     "text": [
      "                  Results: Ordinary least squares\n",
      "===================================================================\n",
      "Model:              OLS              Adj. R-squared:     0.491     \n",
      "Dependent Variable: charges          AIC:                21005.9939\n",
      "Date:               2024-04-01 09:17 BIC:                21015.8154\n",
      "No. Observations:   1003             Log-Likelihood:     -10501.   \n",
      "Df Model:           1                F-statistic:        967.6     \n",
      "Df Residuals:       1001             Prob (F-statistic): 3.55e-149 \n",
      "R-squared:          0.492            Scale:              7.2805e+07\n",
      "-------------------------------------------------------------------\n",
      "          Coef.    Std.Err.    t     P>|t|     [0.025      0.975]  \n",
      "-------------------------------------------------------------------\n",
      "const   31196.6378 637.7553  48.9163 0.0000  29945.1471  32448.1285\n",
      "smoker -21886.7923 703.6245 -31.1058 0.0000 -23267.5405 -20506.0441\n",
      "-------------------------------------------------------------------\n",
      "Omnibus:             334.064       Durbin-Watson:          1.989   \n",
      "Prob(Omnibus):       0.000         Jarque-Bera (JB):       1230.608\n",
      "Skew:                1.576         Prob(JB):               0.000   \n",
      "Kurtosis:            7.417         Condition No.:          5       \n",
      "===================================================================\n",
      "Notes:\n",
      "[1] Standard Errors assume that the covariance matrix of the errors\n",
      "is correctly specified.\n"
     ]
    }
   ],
   "source": [
    "#6th question\n",
    "import statsmodels.api as sm\n",
    "X_train_smo = sm.add_constant(X_train_scaled[['smoker']])\n",
    "# Reset index of y_train and X_train_smoker\n",
    "y_train = y_train.reset_index(drop=True)\n",
    "X_train_smo = X_train_smo.reset_index(drop=True)\n",
    "\n",
    "cc_sm = sm.OLS(y_train, X_train_smo)\n",
    "results = cc_sm.fit()\n",
    "print(results.summary2())"
   ]
  },
  {
   "cell_type": "raw",
   "id": "5c7215f7-275d-4e6a-a611-f9988f903a62",
   "metadata": {},
   "source": [
    "#7th question \n",
    "The R-squared value ranges from 0 to 1, with a value of 0 indicating that the independent variable **does not explain any of the variability** in the dependent variable, and a value of 1 indicating that the independent variable **explains all of the variability** in the dependent variable.\n",
    "\n",
    "Typically, an R-squared value of less than 0.25 indicates weak explanatory power, while an R-squared value of 0.25 to 0.50 indicates moderate explanatory power, and an R-squared value of 0.50 or higher indicates strong explanatory power. However, these thresholds can vary depending on the context and the field of study.\n",
    "##The model shows a statistically significant relationship between the independent variable smoker and the dependent variable charges, with a moderate explanatory power."
   ]
  },
  {
   "cell_type": "raw",
   "id": "bea9cf23-ed40-4c45-a868-fb7931886712",
   "metadata": {},
   "source": [
    "\n",
    "#8th question \n",
    " Yes, the skewness value in the SLR model summary is 1.576, which is greater than 1. This indicates that the distribution is highly right-skewed, which may violate the normality assumption of the regression model.\n",
    "\n",
    "Therefore, the correct statement is:\n",
    "\n",
    "Based on the calculated skewness, the distribution is highly right-skewed, so it's violating normality assumption.\n",
    "\n",
    "High skewness may affect the performance of certain statistical analyses, such as regression models, by violating assumptions of normality.       \n"
   ]
  },
  {
   "cell_type": "raw",
   "id": "e6b3b50e-802b-4450-b951-eac4c7df6f89",
   "metadata": {},
   "source": [
    "#9th question\n",
    "corrmatrix = X_train_scaled.corr()\n",
    "# Set the correlation threshold\n",
    "threshold = 0.7\n",
    "# Find the columns to remove based on the correlation matrix\n",
    "columns_to_remove = []\n",
    "for i in range(len(corrmatrix.columns)):\n",
    "    for j in range(i+1, len(corrmatrix.columns)):\n",
    "        if np.abs(corrmatrix.iloc[i,j]) >= threshold:\n",
    "            if i < j:\n",
    "                columns_to_remove.append(corrmatrix.columns[j])\n",
    "                print(f\"Correlation between {corrmatrix.columns[i]} and {corrmatrix.columns[j]} is {corrmatrix.iloc[i,j]}\")\n",
    "            else:\n",
    "                columns_to_remove.append(corrmatrix.columns[i])\n",
    "                print(f\"Correlation between {corrmatrix.columns[i]} and {corrmatrix.columns[j]} is {corrmatrix.iloc[i,j]}\")\n",
    "print(columns_to_remove)\n",
    "print(X_train)\n",
    "print(X_train_scaled)\n"
   ]
  },
  {
   "cell_type": "code",
   "execution_count": 225,
   "id": "035d7400-07a2-4dc5-8265-1991078c6caf",
   "metadata": {},
   "outputs": [
    {
     "data": {
      "text/plain": [
       "array([[ 1.00000000e+00, -1.80487924e-02,  9.59682906e-02,\n",
       "         7.55325718e-02,  2.12290994e-02, -7.06355606e-01,\n",
       "        -1.27368162e-01, -1.79012427e-01, -1.83003305e-02,\n",
       "         6.39780139e-03, -1.54896438e-03,  1.28092965e-02,\n",
       "         2.46499891e-02,  7.63689734e-02, -7.65733764e-02,\n",
       "        -8.73418832e-04, -2.18353765e-02],\n",
       "       [-1.80487924e-02,  1.00000000e+00,  4.03052423e-02,\n",
       "         1.68852103e-02, -6.16573078e-02,  3.22213711e-02,\n",
       "        -1.17639368e-02, -2.56143053e-02, -1.34700353e-02,\n",
       "        -9.60012670e-04,  4.04270383e-02, -2.76971842e-02,\n",
       "         3.00237709e-02, -2.47470357e-02, -2.59402994e-02,\n",
       "         2.02889531e-02, -3.49191110e-03],\n",
       "       [ 9.59682906e-02,  4.03052423e-02,  1.00000000e+00,\n",
       "         2.63516908e-02,  2.70730000e-02, -7.82859721e-02,\n",
       "        -4.52434293e-02, -3.29813159e-02, -1.06357738e-01,\n",
       "        -1.26645449e-01,  2.57010780e-01, -3.86479533e-02,\n",
       "        -4.54642303e-04,  5.84617805e-02, -4.62362110e-02,\n",
       "        -1.43309685e-02,  6.43259170e-03],\n",
       "       [ 7.55325718e-02,  1.68852103e-02,  2.63516908e-02,\n",
       "         1.00000000e+00, -3.69998287e-02, -3.03782818e-02,\n",
       "         1.57445432e-02, -5.26874902e-02, -1.68315354e-02,\n",
       "         2.86166267e-02, -1.70379060e-02,  5.61630612e-03,\n",
       "         6.55078583e-02, -3.94824563e-02, -7.94538595e-03,\n",
       "        -7.33748185e-03, -1.21033568e-02],\n",
       "       [ 2.12290994e-02, -6.16573078e-02,  2.70730000e-02,\n",
       "        -3.69998287e-02,  1.00000000e+00, -1.36182009e-02,\n",
       "         1.29316493e-01,  9.59517668e-02, -1.77616288e-02,\n",
       "         2.33836538e-02, -6.98272656e-02,  6.57876003e-02,\n",
       "        -2.76296418e-02, -2.02657378e-02, -1.79902030e-03,\n",
       "         3.91779019e-02,  5.22515578e-03],\n",
       "       [-7.06355606e-01,  3.22213711e-02, -7.82859721e-02,\n",
       "        -3.03782818e-02, -1.36182009e-02,  1.00000000e+00,\n",
       "         1.10882777e-01,  1.51736074e-01, -6.49030982e-03,\n",
       "         1.05577914e-03,  1.29821860e-02, -8.15987624e-03,\n",
       "        -2.77754790e-02, -8.99228937e-02,  3.50232815e-02,\n",
       "         1.16520713e-02,  6.85656332e-02],\n",
       "       [-1.27368162e-01, -1.17639368e-02, -4.52434293e-02,\n",
       "         1.57445432e-02,  1.29316493e-01,  1.10882777e-01,\n",
       "         1.00000000e+00,  5.36929074e-01, -5.36049281e-02,\n",
       "         2.02525572e-02,  2.73046891e-03,  2.85860882e-02,\n",
       "         7.38764031e-02, -4.27312787e-02, -2.53538166e-02,\n",
       "         3.47048660e-02, -4.83680371e-02],\n",
       "       [-1.79012427e-01, -2.56143053e-02, -3.29813159e-02,\n",
       "        -5.26874902e-02,  9.59517668e-02,  1.51736074e-01,\n",
       "         5.36929074e-01,  1.00000000e+00, -6.89838836e-02,\n",
       "         2.05189270e-02,  5.05489524e-03,  4.06170247e-02,\n",
       "         3.70174355e-02, -2.63790905e-02, -4.87082897e-03,\n",
       "         5.14164289e-03, -1.31617288e-02],\n",
       "       [-1.83003305e-02, -1.34700353e-02, -1.06357738e-01,\n",
       "        -1.68315354e-02, -1.77616288e-02, -6.49030982e-03,\n",
       "        -5.36049281e-02, -6.89838836e-02,  1.00000000e+00,\n",
       "        -3.01609358e-01, -3.34665796e-01, -3.16470459e-01,\n",
       "         1.96658235e-02,  1.87283700e-02,  9.79245794e-03,\n",
       "        -2.64731668e-02, -1.83308057e-02],\n",
       "       [ 6.39780139e-03, -9.60012670e-04, -1.26645449e-01,\n",
       "         2.86166267e-02,  2.33836538e-02,  1.05577914e-03,\n",
       "         2.02525572e-02,  2.05189270e-02, -3.01609358e-01,\n",
       "         1.00000000e+00, -3.49022334e-01, -3.30046452e-01,\n",
       "         1.97221352e-02, -4.09475838e-02, -2.52433779e-02,\n",
       "         5.90412570e-04,  4.53089449e-02],\n",
       "       [-1.54896438e-03,  4.04270383e-02,  2.57010780e-01,\n",
       "        -1.70379060e-02, -6.98272656e-02,  1.29821860e-02,\n",
       "         2.73046891e-03,  5.05489524e-03, -3.34665796e-01,\n",
       "        -3.49022334e-01,  1.00000000e+00, -3.66219600e-01,\n",
       "        -8.06850050e-03,  8.36827577e-03, -2.70628200e-02,\n",
       "         4.75899258e-02, -2.72881748e-02],\n",
       "       [ 1.28092965e-02, -2.76971842e-02, -3.86479533e-02,\n",
       "         5.61630612e-03,  6.57876003e-02, -8.15987624e-03,\n",
       "         2.85860882e-02,  4.06170247e-02, -3.16470459e-01,\n",
       "        -3.30046452e-01, -3.66219600e-01,  1.00000000e+00,\n",
       "        -2.97371524e-02,  1.35067100e-02,  4.30677927e-02,\n",
       "        -2.41524148e-02,  1.27376353e-03],\n",
       "       [ 2.46499891e-02,  3.00237709e-02, -4.54642303e-04,\n",
       "         6.55078583e-02, -2.76296418e-02, -2.77754790e-02,\n",
       "         7.38764031e-02,  3.70174355e-02,  1.96658235e-02,\n",
       "         1.97221352e-02, -8.06850050e-03, -2.97371524e-02,\n",
       "         1.00000000e+00, -2.25065529e-01, -2.36717478e-01,\n",
       "        -2.95888679e-01, -2.28188972e-01],\n",
       "       [ 7.63689734e-02, -2.47470357e-02,  5.84617805e-02,\n",
       "        -3.94824563e-02, -2.02657378e-02, -8.99228937e-02,\n",
       "        -4.27312787e-02, -2.63790905e-02,  1.87283700e-02,\n",
       "        -4.09475838e-02,  8.36827577e-03,  1.35067100e-02,\n",
       "        -2.25065529e-01,  1.00000000e+00, -2.20757801e-01,\n",
       "        -2.75939633e-01, -2.12804293e-01],\n",
       "       [-7.65733764e-02, -2.59402994e-02, -4.62362110e-02,\n",
       "        -7.94538595e-03, -1.79902030e-03,  3.50232815e-02,\n",
       "        -2.53538166e-02, -4.87082897e-03,  9.79245794e-03,\n",
       "        -2.52433779e-02, -2.70628200e-02,  4.30677927e-02,\n",
       "        -2.36717478e-01, -2.20757801e-01,  1.00000000e+00,\n",
       "        -2.90225403e-01, -2.23821461e-01],\n",
       "       [-8.73418832e-04,  2.02889531e-02, -1.43309685e-02,\n",
       "        -7.33748185e-03,  3.91779019e-02,  1.16520713e-02,\n",
       "         3.47048660e-02,  5.14164289e-03, -2.64731668e-02,\n",
       "         5.90412570e-04,  4.75899258e-02, -2.41524148e-02,\n",
       "        -2.95888679e-01, -2.75939633e-01, -2.90225403e-01,\n",
       "         1.00000000e+00, -2.79769103e-01],\n",
       "       [-2.18353765e-02, -3.49191110e-03,  6.43259170e-03,\n",
       "        -1.21033568e-02,  5.22515578e-03,  6.85656332e-02,\n",
       "        -4.83680371e-02, -1.31617288e-02, -1.83308057e-02,\n",
       "         4.53089449e-02, -2.72881748e-02,  1.27376353e-03,\n",
       "        -2.28188972e-01, -2.12804293e-01, -2.23821461e-01,\n",
       "        -2.79769103e-01,  1.00000000e+00]])"
      ]
     },
     "execution_count": 225,
     "metadata": {},
     "output_type": "execute_result"
    }
   ],
   "source": [
    "#9th question\n",
    "corr_matrix = np.corrcoef(X_train_scaled.T)\n",
    "corr_matrix "
   ]
  },
  {
   "cell_type": "code",
   "execution_count": 226,
   "id": "90a23c1d-45d4-40ac-8de5-d32a47bdca0c",
   "metadata": {},
   "outputs": [
    {
     "data": {
